20			0.0191  		0.0320  		3.7055  
40			0.0320  		0.0527  		3.6502  
60			0.0527  		0.0685  		3.0649  
80			0.0685  		0.1265  		3.4053  
100			0.1265  		0.1462  		2.9330  
120			0.1462  		0.1470  		2.4511  
140			0.1470  		0.1242  		1.9274  
160			0.1242  		0.2253  		2.2233  
180			0.2253  		0.3475  		2.3235  
200			0.0409  		0.4671  		3.8479  		2
220			0.0527  		1.1580  		5.5246  		5
240			0.1315  		0.8813  		6.2077  		0
260			0.0867  		0.6417  		6.8410  		1
280			0.1967  		0.3663  		6.6726  		2
300			0.1158  		0.2351  		6.5682  		5
320			0.2351  		0.9916  		6.8066  
340			0.0772  		0.0884  		6.4634  		7
360			0.0884  		0.3210  		6.6213  
380			0.1141  		0.2432  		6.5601  		3
400			0.2432  		0.6700  		6.5975  
420			0.0473  		0.2017  		6.7817  		11
440			0.2017  		0.6809  		6.8724  
460			0.1047  		0.7204  		7.1784  		13
480			0.1325  		0.8281  		7.4300  		3
500			0.1368  		0.6019  		7.5604  		18
520			0.0930  		0.6245  		7.7980  		4
540			0.1147  		0.3616  		7.8160  		6
560			0.0545  		0.2953  		7.9723  		10
580			0.2953  		1.5475  		8.1094  
600			0.1360  		0.4520  		8.1279  		3
620			0.2025  		0.3396  		7.9860  		5
640			0.1054  		0.4722  		8.0745  		3
660			0.1008  		0.3039  		8.0710  		8
680			0.0172  		0.6417  		8.6011  		20
700			0.1780  		0.2429  		8.4195  		4
720			0.2429  		0.1757  		8.1207  
740			0.1757  		0.2145  		7.9401  
760			0.2145  		0.2148  		7.7314  
780			0.2148  		0.3222  		7.6082  
800			0.1539  		0.2870  		7.5304  		1
820			0.2870  		0.2091  		7.2910  
840			0.2091  		0.2030  		7.1123  
860			0.2030  		0.2582  		6.9873  
880			0.2582  		0.5054  		6.9386  
900			0.1074  		0.2274  		6.9046  		1
920			0.2274  		0.6467  		6.9184  
940			0.1251  		0.2394  		6.8709  		5
960			0.2394  		0.9008  		6.9269  
980			0.0624  		0.2799  		7.0066  		8
1000			0.2799  		0.7552  		7.0096  
1020			0.0571  		0.3217  		7.1166  		4
1040			0.2143  		0.7830  		7.1595  		2
1060			0.0681  		0.0586  		7.0041  		8
1080			0.0586  		0.1493  		6.9993  
1100			0.1493  		0.3329  		6.9772  
1120			0.1019  		0.1101  		6.8626  		5
1140			0.1101  		0.2560  		6.8490  
1160			0.2560  		0.2890  		6.7459  
1180			0.2890  		0.4004  		6.6715  
1200			0.0877  		0.2448  		6.6837  		3
1220			0.2448  		0.8689  		6.7240  
1240			0.1962  		0.2706  		6.6529  		1
1260			0.2706  		0.1748  		6.4973  
1280			0.1748  		0.2649  		6.4426  
1300			0.2649  		0.2232  		6.3245  
1320			0.2232  		0.1919  		6.2121  
1340			0.1919  		1.0565  		6.3031  
1360			0.0827  		0.1449  		6.2699  		14
1380			0.1449  		0.2168  		6.2211  
1400			0.2168  		0.1487  		6.0934  
1420			0.1487  		0.1047  		5.9719  
1440			0.1047  		0.0961  		5.8804  
1460			0.0961  		0.2033  		5.8739  
1480			0.2033  		0.2536  		5.8161  
1500			0.2536  		0.1417  		5.6826  
1520			0.1417  		0.0776  		5.5506  
1540			0.0776  		0.1613  		5.5471  
1560			0.1613  		0.1710  		5.4814  
1580			0.1710  		0.1142  		5.3751  
1600			0.1142  		0.6094  		5.4589  
1620			0.2246  		0.2636  		5.4058  		1
1640			0.2636  		0.2629  		5.3396  
1660			0.2629  		0.2758  		5.2794  
1680			0.2758  		0.2388  		5.2042  
1700			0.2388  		0.4432  		5.1955  
1720			0.0836  		0.8601  		5.3306  		4
1740			0.1433  		1.0936  		5.4378  		2
1760			0.1555  		0.1824  		5.3891  		7
1780			0.1824  		0.1850  		5.3297  
1800			0.1850  		0.2297  		5.2878  
1820			0.2297  		0.1524  		5.1972  
1840			0.1524  		0.2348  		5.1746  
1860			0.2348  		0.1072  		5.0582  
1880			0.1072  		0.1679  		5.0387  
1900			0.1679  		0.2133  		5.0039  
1920			0.2133  		0.1061  		4.8993  
1940			0.1061  		0.2263  		4.9051  
1960			0.2263  		0.2346  		4.8577  
1980			0.2346  		0.1524  		4.7772  
2000			0.1524  		0.4126  		4.8013  
2020			0.0851  		0.5734  		4.8900  		8
2040			0.2578  		0.5293  		4.8929  		2
2060			0.1212  		0.2076  		4.8831  		1
2080			0.2076  		0.1359  		4.8068  
2100			0.1359  		0.0426  		4.6813  
2120			0.0426  		0.0273  		4.6069  
2140			0.0273  		0.0648  		4.6221  
2160			0.0648  		0.1805  		4.6477  
2180			0.1805  		0.1214  		4.5789  
2200			0.1214  		0.2705  		4.5898  
2220			0.2705  		0.1867  		4.5243  
2240			0.1867  		0.2532  		4.5035  
2260			0.2532  		0.3237  		4.4794  
2280			0.1716  		0.6819  		4.5274  		4
2300			0.0853  		0.5417  		4.6040  		9
2320			0.1367  		0.3199  		4.6172  		11
2340			0.1881  		0.2803  		4.6023  		1
2360			0.2803  		0.1911  		4.5399  
2380			0.1911  		0.4692  		4.5562  
2400			0.0654  		0.3586  		4.6205  		2
2420			0.0487  		1.0445  		4.7651  		20
2440			0.1394  		0.1623  		4.7350  		7
2460			0.1623  		0.1192  		4.6784  
2480			0.1192  		0.1858  		4.6665  
2500			0.1858  		0.1478  		4.6160  
2520			0.1478  		0.2375  		4.6065  
2540			0.2375  		0.4965  		4.6121  
2560			0.2213  		0.0995  		4.5310  		5
2580			0.0995  		0.2491  		4.5472  
2600			0.2491  		0.1390  		4.4799  
2620			0.1390  		0.2023  		4.4664  
2640			0.2023  		0.2462  		4.4433  
2660			0.2462  		0.1333  		4.3766  
2680			0.1333  		0.2900  		4.3858  
2700			0.2900  		0.2112  		4.3363  
2720			0.2112  		0.1048  		4.2673  
2740			0.1048  		0.0914  		4.2289  
2760			0.0914  		0.2055  		4.2406  
2780			0.2055  		0.2972  		4.2292  
2800			0.2972  		0.4801  		4.2238  
2820			0.0941  		0.0474  		4.1587  		4
2840			0.0474  		0.0529  		4.1350  
2860			0.0529  		0.0850  		4.1300  
2880			0.0850  		0.0849  		4.1013  
2900			0.0849  		0.0840  		4.0725  
2920			0.0840  		0.0619  		4.0295  
2940			0.0619  		0.0723  		4.0097  
2960			0.0723  		0.1402  		4.0149  
2980			0.1402  		0.1823  		4.0007  
3000			0.1823  		0.2276  		3.9847  
3020			0.2276  		0.2857  		3.9691  
3040			0.2857  		0.1344  		3.9072  
3060			0.1344  		0.1288  		3.8797  
3080			0.1288  		0.4276  		3.9107  
3100			0.1776  		0.3034  		3.9104  		3
3120			0.0833  		0.9808  		3.9994  		3
3140			0.1354  		0.1428  		3.9763  		1
3160			0.1428  		0.1207  		3.9435  
3180			0.1207  		0.1961  		3.9407  
3200			0.1961  		0.3723  		3.9450  
3220			0.1712  		0.5512  		3.9729  		2
3240			0.1561  		0.6947  		4.0148  		5
3260			0.1044  		0.8361  		4.0823  		7
3280			0.1507  		0.8611  		4.1340  		12
3300			0.1300  		0.1721  		4.1212  		2
3320			0.1721  		0.7071  		4.1578  
3340			0.0803  		0.1173  		4.1493  		4
3360			0.1173  		0.9193  		4.2130  
3380			0.0347  		0.0517  		4.2051  		1
3400			0.0517  		0.7376  		4.2931  
3420			0.0663  		0.1820  		4.3106  		11
3440			0.1820  		0.2549  		4.2997  
3460			0.2549  		0.2315  		4.2708  
3480			0.2315  		0.4261  		4.2716  
3500			0.0454  		0.0420  		4.2439  		3
3520			0.0420  		0.0796  		4.2461  
3540			0.0796  		0.2857  		4.2741  
3560			0.2857  		0.8400  		4.2938  
3580			0.2569  		1.5467  		4.3422  		3
3600			0.2367  		0.7269  		4.3630  		1
3620			0.1769  		0.1532  		4.3332  		7
3640			0.1532  		0.2936  		4.3352  
3660			0.2936  		0.2212  		4.3003  
3680			0.2212  		0.1424  		4.2597  
3700			0.1424  		0.1353  		4.2347  
3720			0.1353  		0.0638  		4.1827  
3740			0.0638  		0.3328  		4.2241  
3760			0.0430  		0.6218  		4.3041  		15
3780			0.0675  		0.2834  		4.3361  		13
3800			0.2834  		0.6156  		4.3428  
3820			0.1741  		0.4451  		4.3555  		1
3840			0.0903  		0.0917  		4.3334  		10
3860			0.0917  		0.1006  		4.3144  
3880			0.1006  		0.4809  		4.3503  
3900			0.1860  		0.2592  		4.3403  		1
3920			0.2592  		0.1379  		4.2949  
3940			0.1379  		0.0820  		4.2541  
3960			0.0820  		0.1831  		4.2619  
3980			0.1831  		0.1996  		4.2436  
4000			0.1996  		0.1342  		4.2080  
4020			0.1342  		0.5588  		4.2383  
4040			0.1334  		0.2203  		4.2352  		2
4060			0.2203  		0.2372  		4.2170  
4080			0.2372  		0.2659  		4.2004  
4100			0.2659  		0.2702  		4.1804  
4120			0.2702  		0.3956  		4.1735  
4140			0.0672  		0.2520  		4.1994  		5
4160			0.2520  		0.3019  		4.1854  
4180			0.0443  		0.0262  		4.1472  		5
4200			0.0262  		0.0724  		4.1624  
4220			0.0724  		0.2036  		4.1781  
4240			0.2036  		0.2360  		4.1634  
4260			0.2360  		0.1284  		4.1232  
4280			0.1284  		0.3290  		4.1357  
4300			0.0872  		0.3950  		4.1671  		5
4320			0.1569  		0.3775  		4.1772  		3
4340			0.1056  		0.1804  		4.1757  		1
4360			0.1804  		0.3523  		4.1787  
4380			0.2308  		0.2506  		4.1624  		0
4400			0.2506  		0.6236  		4.1733  
4420			0.2278  		0.2529  		4.1579  		2
4440			0.2529  		0.3117  		4.1459  
4460			0.1223  		0.8255  		4.1891  		1
4480			0.0437  		0.3432  		4.2368  		12
4500			0.2588  		0.3048  		4.2232  		1
4520			0.1487  		0.1687  		4.2086  		5
4540			0.1687  		0.5034  		4.2248  
4560			0.0441  		0.0939  		4.2302  		1
4580			0.0939  		0.1604  		4.2286  
4600			0.1604  		0.3346  		4.2332  
4620			0.1273  		0.1233  		4.2139  		7
4640			0.1233  		0.1340  		4.1983  
4660			0.1340  		0.1426  		4.1823  
4680			0.1426  		0.3198  		4.1893  
4700			0.1824  		1.0138  		4.2241  		5
4720			0.0700  		0.2788  		4.2485  		16
4740			0.2788  		0.5283  		4.2500  
4760			0.2147  		0.5684  		4.2616  		5
4780			0.0962  		0.2346  		4.2707  		4
4800			0.2346  		1.0083  		4.2967  
4820			0.1405  		0.1574  		4.2823  		4
4840			0.1574  		0.3190  		4.2857  
4860			0.1124  		0.1271  		4.2717  		5
4880			0.1271  		0.1078  		4.2493  
4900			0.1078  		0.2629  		4.2582  
4920			0.2629  		0.1974  		4.2325  
4940			0.1974  		0.1427  		4.2059  
4960			0.1427  		0.1329  		4.1869  
4980			0.1329  		0.1566  		4.1748  
5000			0.1566  		0.0956  		4.1438  
5020			0.0956  		0.0420  		4.1037  
5040			0.0420  		0.0627  		4.0989  
5060			0.0627  		0.0395  		4.0695  
5080			0.0395  		0.0219  		4.0367  
5100			0.0219  		0.0502  		4.0444  
5120			0.0502  		0.0416  		4.0233  
5140			0.0416  		0.0472  		4.0112  
5160			0.0472  		0.0723  		4.0075  
5180			0.0723  		0.1113  		4.0041  
5200			0.1113  		0.1462  		3.9963  
5220			0.1462  		0.1956  		3.9890  
5240			0.1956  		0.2532  		3.9809  
5260			0.2532  		0.2570  		3.9661  
5280			0.2570  		0.4730  		3.9678  
5300			0.2519  		0.3214  		3.9595  		2
5320			0.0997  		0.1057  		3.9462  		11
5340			0.1057  		0.1555  		3.9418  
5360			0.1555  		0.2196  		3.9364  
5380			0.2196  		0.1925  		3.9182  
5400			0.1925  		0.2268  		3.9081  
5420			0.2268  		0.0927  		3.8699  
5440			0.0927  		0.0604  		3.8443  
5460			0.0604  		0.0583  		3.8292  
5480			0.0583  		0.1146  		3.8331  
5500			0.1146  		0.2628  		3.8409  
5520			0.2628  		0.2560  		3.8263  
5540			0.2560  		0.3304  		3.8191  
5560			0.0400  		0.0602  		3.8160  		5
5580			0.0602  		0.0916  		3.8132  
5600			0.0916  		0.2388  		3.8242  
5620			0.2388  		0.2973  		3.8162  
5640			0.2973  		0.1874  		3.7909  
5660			0.1874  		0.2381  		3.7836  
5680			0.2381  		0.1092  		3.7505  
5700			0.1092  		0.0886  		3.7320  
5720			0.0886  		0.1472  		3.7318  
5740			0.1472  		0.1368  		3.7170  
5760			0.1368  		0.2663  		3.7207  
5780			0.2663  		0.3207  		3.7125  
5800			0.1478  		0.2153  		3.7090  		14
5820			0.2153  		0.3427  		3.7078  
5840			0.1027  		0.2145  		3.7133  		4
5860			0.2145  		0.4976  		3.7214  
5880			0.1787  		1.2271  		3.7560  		3
5900			0.0346  		0.2952  		3.7957  		8
5920			0.2952  		0.9389  		3.8111  
5940			0.2818  		0.3203  		3.8013  		2
5960			0.0398  		0.6091  		3.8546  		5
5980			0.0983  		0.0831  		3.8377  		9
6000			0.0831  		0.0593  		3.8168  
6020			0.0593  		0.2134  		3.8348  
6040			0.2134  		0.4231  		3.8384  
6060			0.1374  		0.2534  		3.8403  		0
6080			0.2534  		0.2510  		3.8275  
6100			0.2510  		0.8364  		3.8434  
6120			0.1164  		0.1805  		3.8412  		8
6140			0.1805  		0.2172  		3.8330  
6160			0.2172  		0.1185  		3.8064  
6180			0.1185  		0.2229  		3.8088  
6200			0.0184  		0.0508  		3.8201  
6220			0.0508  		0.0649  		3.8135  
6240			0.0649  		0.0594  		3.7992  
6260			0.0594  		0.1225  		3.8038  
6280			0.1225  		0.1570  		3.7973  
6300			0.1570  		0.1276  		3.7805  
6320			0.1276  		0.1747  		3.7757  
6340			0.1747  		0.1402  		3.7588  
6360			0.1402  		0.3254  		3.7661  
6380			0.2368  		0.1930  		3.7497  		1
6400			0.1930  		0.3059  		3.7483  
6420			0.0860  		1.0166  		3.7922  		4
6440			0.2081  		0.2841  		3.7874  		2
6460			0.2841  		1.1153  		3.8062  
6480			0.2083  		0.4533  		3.8118  		2
6500			0.0380  		0.9269  		3.8709  		5
6520			0.1030  		0.1840  		3.8719  		7
6540			0.1840  		1.2012  		3.9014  
6560			0.0359  		0.1748  		3.9244  		14
6580			0.1748  		0.7208  		3.9435  
6600			0.0287  		0.1189  		3.9626  		18
6620			0.1189  		0.1954  		3.9615  
6640			0.1954  		0.1708  		3.9466  
6660			0.1708  		0.3266  		3.9488  
6680			0.0527  		0.0318  		3.9261  		6
6700			0.0318  		0.0498  		3.9240  
6720			0.0498  		0.0425  		3.9089  
6740			0.0425  		0.0170  		3.8777  
6760			0.0170  		0.0397  		3.8843  
6780			0.0397  		0.0613  		3.8821  
6800			0.0613  		0.0338  		3.8580  
6820			0.0338  		0.0447  		3.8527  
6840			0.0447  		0.0346  		3.8360  
6860			0.0346  		0.0210  		3.8144  
6880			0.0210  		0.0435  		3.8185  
6900			0.0435  		0.0274  		3.7978  
6920			0.0274  		0.0185  		3.7786  
6940			0.0185  		0.0481  		3.7876  
6960			0.0481  		0.0413  		3.7735  
6980			0.0413  		0.0305  		3.7564  
7000			0.0305  		0.0555  		3.7581  
7020			0.0555  		0.0343  		3.7375  
7040			0.0343  		0.0447  		3.7323  
7060			0.0447  		0.0707  		3.7311  
7080			0.0707  		0.0682  		3.7198  
7100			0.0682  		0.0736  		3.7109  
7120			0.0736  		0.1121  		3.7090  
7140			0.1121  		0.0712  		3.6894  
7160			0.0712  		0.0832  		3.6823  
7180			0.0832  		0.0364  		3.6554  
7200			0.0364  		0.0635  		3.6564  
7220			0.0635  		0.0742  		3.6494  
7240			0.0742  		0.1326  		3.6508  
7260			0.1326  		0.0761  		3.6297  
7280			0.0761  		0.0889  		3.6229  
7300			0.0889  		0.0666  		3.6072  
7320			0.0666  		0.0606  		3.5955  
7340			0.0606  		0.0922  		3.5940  
7360			0.0922  		0.1086  		3.5874  
7380			0.1086  		0.0764  		3.5708  
7400			0.0764  		0.1302  		3.5716  
7420			0.1302  		0.0997  		3.5567  
7440			0.0997  		0.1173  		3.5503  
7460			0.1173  		0.1311  		3.5430  
7480			0.1311  		0.2696  		3.5474  
7500			0.2696  		0.2150  		3.5336  
7520			0.2150  		0.3968  		3.5359  
7540			0.0350  		0.2924  		3.5672  		3
7560			0.2924  		0.5710  		3.5705  
7580			0.2337  		0.6777  		3.5814  		2
7600			0.1386  		0.7145  		3.6031  		5
7620			0.1166  		1.2083  		3.6379  		4
7640			0.2771  		0.4027  		3.6354  		1
7660			0.1816  		0.3617  		3.6389  		7
7680			0.0933  		0.2198  		3.6455  		14
7700			0.2198  		0.3215  		3.6432  
7720			0.1234  		0.0973  		3.6293  		3
7740			0.0973  		0.0986  		3.6201  
7760			0.0986  		0.1204  		3.6145  
7780			0.1204  		0.1850  		3.6132  
7800			0.1850  		0.2177  		3.6070  
7820			0.2177  		0.3743  		3.6077  
7840			0.1015  		0.0702  		3.5917  		15
7860			0.0702  		0.0411  		3.5728  
7880			0.0411  		0.0472  		3.5662  
7900			0.0472  		0.1059  		3.5720  
7920			0.1059  		0.0632  		3.5535  
7940			0.0632  		0.0617  		3.5442  
7960			0.0617  		0.0249  		3.5188  
7980			0.0249  		0.0394  		3.5183  
8000			0.0394  		0.0723  		3.5205  
8020			0.0723  		0.0980  		3.5171  
8040			0.0980  		0.0972  		3.5082  
8060			0.0972  		0.1786  		3.5104  
8080			0.1786  		0.1977  		3.5035  
8100			0.1977  		0.0965  		3.4821  
8120			0.0965  		0.0904  		3.4724  
8140			0.0904  		0.0708  		3.4595  
8160			0.0708  		0.0390  		3.4405  
8180			0.0390  		0.0268  		3.4255  
8200			0.0268  		0.0721  		3.4345  
8220			0.0721  		0.0673  		3.4250  
8240			0.0673  		0.1127  		3.4257  
8260			0.1127  		0.1505  		3.4224  
8280			0.1505  		0.1155  		3.4096  
8300			0.1155  		0.1538  		3.4063  
8320			0.1538  		0.1268  		3.3948  
8340			0.1268  		0.2458  		3.3981  
8360			0.2458  		0.2467  		3.3900  
8380			0.2467  		0.2773  		3.3839  
8400			0.2773  		0.2452  		3.3738  
8420			0.2452  		0.4964  		3.3778  
8440			0.0427  		0.0749  		3.3794  		4
8460			0.0749  		0.2585  		3.3926  
8480			0.2585  		0.2149  		3.3814  
8500			0.2149  		0.1441  		3.3667  
8520			0.1441  		0.2426  		3.3676  
8540			0.2426  		0.1718  		3.3539  
8560			0.1718  		0.0942  		3.3359  
8580			0.0942  		0.1991  		3.3407  
8600			0.1991  		0.1197  		3.3244  
8620			0.1197  		0.1574  		3.3213  
8640			0.1574  		0.1772  		3.3156  
8660			0.1772  		0.0773  		3.2941  
8680			0.0773  		0.0679  		3.2844  
8700			0.0679  		0.1099  		3.2848  
8720			0.1099  		0.1030  		3.2762  
8740			0.1030  		0.1250  		3.2719  
8760			0.1250  		0.1539  		3.2678  
8780			0.1539  		0.0891  		3.2514  
8800			0.0891  		0.1662  		3.2543  
8820			0.1662  		0.1181  		3.2413  
8840			0.1181  		0.1223  		3.2345  
8860			0.1223  		0.1488  		3.2304  
8880			0.1488  		0.0874  		3.2145  
8900			0.0874  		0.1458  		3.2156  
8920			0.1458  		0.1258  		3.2060  
8940			0.1258  		0.1045  		3.1958  
8960			0.1045  		0.0506  		3.1770  
8980			0.0506  		0.1436  		3.1867  
9000			0.1436  		0.1596  		3.1813  
9020			0.1596  		0.1111  		3.1684  
9040			0.1111  		0.1038  		3.1603  
9060			0.1038  		0.0783  		3.1489  
9080			0.0783  		0.1167  		3.1483  
9100			0.1167  		0.1444  		3.1447  
9120			0.1444  		0.1652  		3.1400  
9140			0.1652  		0.0825  		3.1221  
9160			0.0825  		0.0891  		3.1165  
9180			0.0891  		0.0820  		3.1084  
9200			0.0820  		0.1679  		3.1129  
9220			0.1679  		0.1898  		3.1081  
9240			0.1898  		0.1165  		3.0937  
9260			0.1165  		0.2388  		3.0982  
9280			0.2388  		0.1556  		3.0849  
9300			0.1556  		0.0919  		3.0701  
9320			0.0919  		0.1093  		3.0662  
9340			0.1093  		0.0690  		3.0525  
9360			0.0690  		0.1484  		3.0578  
9380			0.1484  		0.4230  		3.0674  
9400			0.0785  		0.1091  		3.0659  		5
9420			0.1091  		0.1536  		3.0647  
9440			0.1536  		0.1552  		3.0583  
9460			0.1552  		0.3715  		3.0652  
9480			0.1462  		0.4658  		3.0763  		3
9500			0.1367  		0.7881  		3.0965  		12
9520			0.0881  		0.1284  		3.0957  		3
9540			0.1284  		0.2975  		3.1019  
9560			0.2975  		0.7964  		3.1103  
9580			0.0920  		0.1545  		3.1116  		6
9600			0.1545  		0.2552  		3.1126  
9620			0.2552  		0.1947  		3.1021  
9640			0.1947  		0.2658  		3.1003  
9660			0.2658  		0.2670  		3.0940  
9680			0.2670  		0.2208  		3.0848  
9700			0.2208  		0.4246  		3.0881  
9720			0.1544  		0.1880  		3.0847  		1
9740			0.1880  		0.6796  		3.0974  
9760			0.1570  		0.3477  		3.1028  		2
9780			0.2144  		0.3053  		3.1017  		1
9800			0.1707  		0.2039  		3.0979  		2
9820			0.2039  		1.2859  		3.1187  
9840			0.1414  		1.4182  		3.1462  		1
9860			0.1082  		0.1299  		3.1424  		4
9880			0.1299  		0.2070  		3.1429  
9900			0.2070  		0.3907  		3.1458  
9920			0.1185  		0.1250  		3.1402  		11
9940			0.1250  		0.6646  		3.1582  
9960			0.1356  		0.8142  		3.1778  		15
9980			0.0568  		0.1244  		3.1828  		15
10000			0.1244  		0.4935  		3.1963  
10020			0.2622  		0.3761  		3.1951  		1
10040			0.0944  		0.7076  		3.2177  		9
10060			0.1092  		0.6402  		3.2366  		12
10080			0.1594  		0.3820  		3.2427  		2
10100			0.1143  		0.3516  		3.2523  		1
10120			0.1516  		0.3576  		3.2582  		4
10140			0.2136  		0.1819  		3.2494  		1
10160			0.1819  		0.1014  		3.2347  
10180			0.1014  		0.3813  		3.2472  
10200			0.1540  		0.3574  		3.2527  		9
10220			0.2244  		0.4672  		3.2567  		4
10240			0.0479  		0.0579  		3.2530  		6
10260			0.0579  		0.6578  		3.2808  
10280			0.1655  		0.9154  		3.2984  		2
10300			0.1705  		1.5732  		3.3232  		3
10320			0.0873  		0.2881  		3.3334  		6
10340			0.2881  		0.3951  		3.3314  
10360			0.0394  		0.5664  		3.3620  		6
10380			0.1172  		0.1447  		3.3585  		1
10400			0.1447  		0.5218  		3.3698  
10420			0.1549  		0.4884  		3.3793  		2
10440			0.0684  		0.1700  		3.3854  		3
10460			0.1700  		0.4515  		3.3924  
10480			0.1429  		0.9913  		3.4126  		5
10500			0.0769  		0.3867  		3.4283  		2
10520			0.1026  		0.3826  		3.4398  		2
10540			0.0814  		0.4149  		3.4556  		5
10560			0.1174  		0.5061  		3.4690  		7
10580			0.0624  		1.3744  		3.5046  		9
10600			0.1397  		0.3112  		3.5089  		2
10620			0.0981  		0.9470  		3.5331  		1
10640			0.0813  		0.3718  		3.5471  		2
10660			0.0885  		1.2528  		3.5763  		3
10680			0.1298  		0.4049  		3.5849  		9
10700			0.2299  		0.3963  		3.5856  		0
10720			0.1122  		0.0618  		3.5708  		6
10740			0.0618  		0.6024  		3.5948  
10760			0.0846  		0.9560  		3.6206  		5
10780			0.1557  		0.3957  		3.6264  		2
10800			0.0726  		0.0690  		3.6190  		3
10820			0.0690  		1.4341  		3.6528  
10840			0.1107  		1.2208  		3.6780  		2
10860			0.0700  		0.1020  		3.6762  		19
10880			0.1020  		0.3378  		3.6853  
10900			0.1431  		0.2611  		3.6865  		1
10920			0.2611  		0.3191  		3.6824  
10940			0.0899  		0.1654  		3.6837  		7
10960			0.1654  		0.1497  		3.6757  
10980			0.1497  		0.2813  		3.6773  
11000			0.2813  		0.4089  		3.6755  
11020			0.1311  		0.7865  		3.6923  		8
11040			0.0716  		0.1573  		3.6959  		13
11060			0.1573  		0.1827  		3.6911  
11080			0.1827  		0.0938  		3.6758  
11100			0.0938  		0.1372  		3.6741  
11120			0.1372  		0.1565  		3.6692  
11140			0.1565  		0.0655  		3.6514  
11160			0.0655  		0.1235  		3.6530  
11180			0.1235  		0.4207  		3.6623  
11200			0.0803  		0.7577  		3.6847  		1
11220			0.1347  		0.2629  		3.6867  		3
11240			0.2629  		0.1742  		3.6749  
11260			0.1742  		0.2458  		3.6727  
11280			0.2458  		0.2141  		3.6645  
11300			0.2141  		0.1409  		3.6526  
11320			0.1409  		0.1339  		3.6455  
11340			0.1339  		0.0231  		3.6167  
11360			0.0231  		0.0178  		3.6070  
11380			0.0178  		0.1034  		3.6230  
11400			0.1034  		0.1734  		3.6232  
11420			0.1734  		0.2094  		3.6193  
11440			0.2094  		0.3705  		3.6201  
11460			0.1324  		0.1134  		3.6119  		4
11480			0.1134  		0.2679  		3.6164  
11500			0.2679  		0.3434  		3.6132  
11520			0.1110  		0.1072  		3.6065  		3
11540			0.1072  		0.0560  		3.5921  
11560			0.0560  		0.0698  		3.5886  
11580			0.0698  		0.1684  		3.5934  
11600			0.1684  		0.1529  		3.5860  
11620			0.1529  		0.1656  		3.5808  
11640			0.1656  		0.1213  		3.5708  
11660			0.1213  		0.3209  		3.5767  
11680			0.2548  		0.3513  		3.5746  		0
11700			0.0775  		0.1026  		3.5719  		2
11720			0.1026  		0.1469  		3.5703  
11740			0.1469  		1.0190  		3.5880  
11760			0.1057  		0.8771  		3.6078  		3
11780			0.0528  		0.2170  		3.6190  		14
11800			0.2170  		0.4114  		3.6207  
11820			0.0390  		0.0168  		3.6043  		5
11840			0.0168  		0.0058  		3.5852  
11860			0.0058  		0.0067  		3.5810  
11880			0.0067  		0.0135  		3.5835  
11900			0.0135  		0.0141  		3.5779  
11920			0.0141  		0.0151  		3.5728  
11940			0.0151  		0.0203  		3.5704  
11960			0.0203  		0.0307  		3.5694  
11980			0.0307  		0.0369  		3.5657  
12000			0.0369  		0.0859  		3.5699  
12020			0.0859  		0.0929  		3.5649  
12040			0.0929  		0.1298  		3.5629  
12060			0.1298  		0.2094  		3.5628  
12080			0.2094  		0.1891  		3.5556  
12100			0.1891  		0.2759  		3.5543  
12120			0.2759  		0.1738  		3.5429  
12140			0.1738  		0.1863  		3.5379  
12160			0.1863  		0.1631  		3.5305  
12180			0.1631  		0.1113  		3.5202  
12200			0.1113  		0.0561  		3.5063  
12220			0.0561  		0.0782  		3.5045  
12240			0.0782  		0.1076  		3.5025  
12260			0.1076  		0.1849  		3.5032  
12280			0.1849  		0.2491  		3.5010  
12300			0.2491  		0.3195  		3.4982  
12320			0.1612  		0.1359  		3.4905  		7
12340			0.1359  		0.0692  		3.4770  
12360			0.0692  		0.5149  		3.4948  
12380			0.0796  		0.1311  		3.4949  		6
12400			0.1311  		0.5427  		3.5058  
12420			0.1257  		0.9010  		3.5231  		2
12440			0.1119  		0.1697  		3.5222  		3
12460			0.1697  		0.1409  		3.5144  
12480			0.1409  		0.1184  		3.5068  
12500			0.1184  		0.2948  		3.5117  
12520			0.2948  		0.2748  		3.5053  
12540			0.2748  		0.2611  		3.4991  
12560			0.2611  		0.5350  		3.5018  
12580			0.0657  		0.0931  		3.5002  		4
12600			0.0931  		0.0813  		3.4931  
12620			0.0813  		0.1126  		3.4913  
12640			0.1126  		0.1374  		3.4880  
12660			0.1374  		0.1661  		3.4847  
12680			0.1661  		0.2505  		3.4838  
12700			0.2505  		0.2795  		3.4796  
12720			0.2795  		0.1557  		3.4675  
12740			0.1557  		0.3451  		3.4711  
12760			0.1245  		0.1135  		3.4646  		1
12780			0.1135  		0.1684  		3.4636  
12800			0.1684  		0.3017  		3.4648  
12820			0.1063  		0.1019  		3.4589  		9
12840			0.1019  		0.2760  		3.4647  
12860			0.2760  		1.5548  		3.4787  
12880			0.2177  		1.4113  		3.4942  		1
12900			0.1041  		0.1813  		3.4950  		6
12920			0.1813  		0.4556  		3.4999  
12940			0.0514  		0.0895  		3.5007  		3
12960			0.0895  		0.1139  		3.4980  
12980			0.1139  		0.1837  		3.4979  
13000			0.1837  		0.3335  		3.4991  
13020			0.1239  		0.7114  		3.5131  		3
13040			0.1570  		0.4818  		3.5201  		4
13060			0.0284  		0.0707  		3.5248  		10
13080			0.0707  		0.0922  		3.5223  
13100			0.0922  		0.0423  		3.5084  
13120			0.0423  		0.0291  		3.4989  
13140			0.0291  		0.0816  		3.5049  
13160			0.0816  		0.5284  		3.5201  
13180			0.1450  		0.1504  		3.5151  		3
13200			0.1504  		0.0484  		3.4974  
13220			0.0484  		0.2595  		3.5104  
13240			0.2595  		0.2905  		3.5064  
13260			0.2905  		0.2381  		3.4989  
13280			0.2381  		0.2669  		3.4949  
13300			0.2669  		0.1293  		3.4818  
13320			0.1293  		0.1185  		3.4756  
13340			0.1185  		0.1466  		3.4727  
13360			0.1466  		0.0929  		3.4626  
13380			0.0929  		0.0986  		3.4580  
13400			0.0986  		0.1462  		3.4571  
13420			0.1462  		0.2901  		3.4593  
13440			0.2901  		0.2457  		3.4524  
13460			0.2457  		0.1627  		3.4428  
13480			0.1627  		0.5402  		3.4506  
13500			0.0632  		0.0803  		3.4480  		3
13520			0.0803  		0.2410  		3.4547  
13540			0.2410  		0.3602  		3.4538  
13560			0.0645  		0.0855  		3.4517  		2
13580			0.0855  		0.0497  		3.4409  
13600			0.0497  		0.0296  		3.4303  
13620			0.0296  		0.1078  		3.4390  
13640			0.1078  		0.1184  		3.4349  
13660			0.1184  		0.1611  		3.4332  
13680			0.1611  		0.0934  		3.4224  
13700			0.0934  		0.2288  		3.4268  
13720			0.2288  		0.3272  		3.4256  
13740			0.2547  		0.7257  		3.4316  		1
13760			0.0986  		1.1147  		3.4520  		5
13780			0.0807  		0.8381  		3.4715  		24
13800			0.1094  		0.6752  		3.4855  		1
13820			0.0731  		0.3166  		3.4958  		9
13840			0.1154  		0.1123  		3.4905  		8
13860			0.1123  		0.0406  		3.4748  
13880			0.0406  		0.0504  		3.4721  
13900			0.0504  		0.1669  		3.4795  
13920			0.1669  		0.1760  		3.4750  
13940			0.1760  		0.0728  		3.4609  
13960			0.0728  		0.0971  		3.4590  
13980			0.0971  		0.1573  		3.4590  
14000			0.1573  		0.1323  		3.4522  
14020			0.1323  		0.2218  		3.4526  
14040			0.2218  		0.3169  		3.4514  
14060			0.0806  		0.4112  		3.4632  		7
14080			0.0992  		0.2502  		3.4678  		1
14100			0.2502  		0.4438  		3.4687  
14120			0.0211  		0.0778  		3.4771  		19
14140			0.0778  		0.2652  		3.4847  
14160			0.2652  		0.2503  		3.4792  
14180			0.2503  		0.2635  		3.4748  
14200			0.2635  		0.3612  		3.4731  
14220			0.1831  		0.1014  		3.4622  		1
14240			0.1014  		0.0843  		3.4555  
14260			0.0843  		0.2264  		3.4607  
14280			0.2264  		0.2676  		3.4575  
14300			0.2676  		0.1821  		3.4488  
14320			0.1821  		0.3964  		3.4518  
14340			0.0480  		0.1487  		3.4584  		8
14360			0.1487  		0.1487  		3.4536  
14380			0.1487  		0.1526  		3.4490  
14400			0.1526  		0.1704  		3.4453  
14420			0.1704  		0.1991  		3.4421  
14440			0.1991  		0.2615  		3.4401  
14460			0.2615  		0.4169  		3.4400  
14480			0.1903  		0.1425  		3.4323  		1
14500			0.1425  		0.2562  		3.4334  
14520			0.2562  		0.3104  		3.4306  
14540			0.0739  		0.7581  		3.4490  		2
14560			0.1222  		0.6750  		3.4612  		5
14580			0.0780  		0.3402  		3.4710  		2
14600			0.2515  		0.3174  		3.4685  		4
14620			0.1186  		1.2504  		3.4870  		9
14640			0.2102  		0.3887  		3.4883  		3
14660			0.1670  		0.1196  		3.4803  		1
14680			0.1196  		0.1128  		3.4750  
14700			0.1128  		0.2647  		3.4786  
14720			0.2647  		0.2048  		3.4714  
14740			0.2048  		0.0413  		3.4510  
14760			0.0413  		0.1428  		3.4585  
14780			0.1428  		0.2607  		3.4596  
14800			0.2607  		0.2232  		3.4535  
14820			0.2232  		0.1828  		3.4469  
14840			0.1828  		0.0591  		3.4312  
14860			0.0591  		0.1069  		3.4324  
14880			0.1069  		0.0711  		3.4238  
14900			0.0711  		0.0892  		3.4214  
14920			0.0892  		0.2049  		3.4249  
14940			0.2049  		0.2245  		3.4212  
14960			0.2245  		0.1903  		3.4150  
14980			0.1903  		0.0941  		3.4036  
15000			0.0941  		0.1216  		3.4016  
15020			0.1216  		0.1931  		3.4015  
15040			0.1931  		0.1571  		3.3950  
15060			0.1571  		0.0442  		3.3783  
15080			0.0442  		0.0346  		3.3715  
15100			0.0346  		0.0930  		3.3765  
15120			0.0930  		0.1301  		3.3752  
15140			0.1301  		0.1881  		3.3743  
15160			0.1881  		0.1721  		3.3690  
15180			0.1721  		0.3157  		3.3703  
15200			0.1455  		0.2643  		3.3715  		2
15220			0.2643  		1.1397  		3.3810  
15240			0.1126  		0.1328  		3.3781  		1
15260			0.1328  		0.4205  		3.3845  
15280			0.0738  		0.2866  		3.3929  		1
15300			0.2866  		0.6293  		3.3959  
15320			0.1744  		0.1714  		3.3913  		3
15340			0.1714  		0.1807  		3.3874  
15360			0.1807  		0.2579  		3.3863  
15380			0.2579  		0.2067  		3.3798  
15400			0.2067  		0.1707  		3.3737  
15420			0.1707  		0.1149  		3.3656  
15440			0.1149  		0.2092  		3.3668  
15460			0.2092  		0.1768  		3.3609  
15480			0.1768  		0.6601  		3.3688  
15500			0.0966  		0.2092  		3.3717  		7
15520			0.2092  		1.2241  		3.3837  
15540			0.1822  		0.6404  		3.3911  		3
15560			0.1379  		0.2147  		3.3908  		2
15580			0.2147  		0.5584  		3.3953  
15600			0.1547  		0.5913  		3.4034  		3
15620			0.0768  		0.4497  		3.4153  		15
15640			0.0328  		0.2023  		3.4278  		6
15660			0.2023  		0.3428  		3.4282  
15680			0.2360  		0.3010  		3.4261  		2
15700			0.1870  		0.7265  		3.4342  		1
15720			0.1305  		0.2455  		3.4356  		8
15740			0.2455  		0.3249  		3.4338  
15760			0.2335  		0.7871  		3.4406  		0
15780			0.1412  		0.4445  		3.4467  		1
15800			0.1332  		0.7797  		3.4585  		1
15820			0.0806  		0.5916  		3.4723  		9
15840			0.1391  		0.5061  		3.4797  		0
15860			0.0997  		1.1742  		3.4977  		4
15880			0.0247  		0.6473  		3.5230  		4
15900			0.1384  		0.3730  		3.5275  		7
15920			0.1035  		0.1155  		3.5241  		4
15940			0.1155  		0.3336  		3.5293  
15960			0.1398  		0.4466  		3.5354  		3
15980			0.0463  		0.2250  		3.5452  		22
16000			0.2250  		0.4373  		3.5468  
16020			0.0334  		0.6251  		3.5687  		12
16040			0.2060  		0.2223  		3.5650  		0
16060			0.2223  		0.1062  		3.5539  
16080			0.1062  		0.1077  		3.5496  
16100			0.1077  		0.1723  		3.5494  
16120			0.1723  		0.2819  		3.5494  
16140			0.2819  		0.1797  		3.5410  
16160			0.1797  		0.3061  		3.5414  
16180			0.0324  		0.6009  		3.5630  		24
16200			0.0704  		0.1292  		3.5640  		3
16220			0.1292  		0.1728  		3.5622  
16240			0.1728  		0.1529  		3.5567  
16260			0.1529  		0.1292  		3.5509  
16280			0.1292  		0.1619  		3.5485  
16300			0.1619  		0.1286  		3.5421  
16320			0.1286  		0.3412  		3.5464  
16340			0.0885  		0.6755  		3.5600  		1
16360			0.2588  		0.8043  		3.5657  		3
16380			0.0843  		0.6845  		3.5797  		10
16400			0.1371  		0.2481  		3.5806  		9
16420			0.2481  		0.4516  		3.5815  
16440			0.1327  		0.3151  		3.5847  		2
16460			0.2092  		0.1538  		3.5777  		1
16480			0.1538  		0.2803  		3.5786  
16500			0.2803  		0.4630  		3.5786  
16520			0.0787  		0.0479  		3.5700  		7
16540			0.0479  		0.0390  		3.5639  
16560			0.0390  		0.0883  		3.5667  
16580			0.0883  		0.0723  		3.5606  
16600			0.0723  		0.0509  		3.5533  
16620			0.0509  		0.0547  		3.5496  
16640			0.0547  		0.0290  		3.5399  
16660			0.0290  		0.0263  		3.5348  
16680			0.0263  		0.0812  		3.5403  
16700			0.0812  		0.1955  		3.5436  
16720			0.1955  		0.1820  		3.5388  
16740			0.1820  		0.3140  		3.5393  
16760			0.1699  		0.9241  		3.5496  		8
16780			0.0576  		0.3202  		3.5601  		13
16800			0.2147  		0.4862  		3.5629  		0
16820			0.1445  		0.2177  		3.5622  		4
16840			0.2177  		0.6856  		3.5678  
16860			0.1888  		0.2183  		3.5648  		2
16880			0.2183  		0.2619  		3.5621  
16900			0.2619  		0.3624  		3.5607  
16920			0.0950  		0.5477  		3.5714  		10
16940			0.0730  		0.3844  		3.5813  		2
16960			0.1854  		0.2775  		3.5805  		0
16980			0.2775  		0.1892  		3.5731  
17000			0.1892  		0.4266  		3.5758  
17020			0.1505  		0.3497  		3.5787  		1
17040			0.2249  		0.4236  		3.5799  		1
17060			0.1089  		0.9980  		3.5944  		9
17080			0.0821  		0.2654  		3.6001  		4
17100			0.2654  		1.0114  		3.6072  
17120			0.0614  		0.1899  		3.6125  		12
17140			0.1899  		0.2821  		3.6116  
17160			0.2821  		0.1704  		3.6032  
17180			0.1704  		0.0523  		3.5891  
17200			0.0523  		0.0485  		3.5843  
17220			0.0485  		0.0883  		3.5851  
17240			0.0883  		0.1721  		3.5865  
17260			0.1721  		0.1973  		3.5835  
17280			0.1973  		0.1000  		3.5737  
17300			0.1000  		0.4338  		3.5818  
17320			0.1929  		0.8311  		3.5898  		5
17340			0.0976  		0.8276  		3.6035  		11
17360			0.1766  		0.6719  		3.6104  		2
17380			0.1813  		0.5223  		3.6151  		0
17400			0.0778  		0.1471  		3.6162  		9
17420			0.1471  		0.1254  		3.6107  
17440			0.1254  		0.0375  		3.5966  
17460			0.0375  		0.0479  		3.5945  
17480			0.0479  		0.0635  		3.5927  
17500			0.0635  		0.1439  		3.5953  
17520			0.1439  		0.1311  		3.5905  
17540			0.1311  		0.1306  		3.5863  
17560			0.1306  		0.0443  		3.5734  
17580			0.0443  		0.2933  		3.5848  
17600			0.2933  		0.3886  		3.5831  
17620			0.0885  		0.1383  		3.5826  		9
17640			0.1383  		0.1440  		3.5789  
17660			0.1440  		0.2976  		3.5808  
17680			0.2976  		0.9671  		3.5864  
17700			0.1429  		0.5603  		3.5934  		3
17720			0.0460  		0.5161  		3.6091  		0
17740			0.0699  		0.1612  		3.6118  		9
17760			0.1612  		0.6340  		3.6189  
17780			0.1760  		0.4485  		3.6224  		2
17800			0.0632  		0.3254  		3.6316  		6
17820			0.2497  		1.1028  		3.6395  		2
17840			0.0536  		0.1305  		3.6427  		7
17860			0.1305  		0.3638  		3.6469  
17880			0.0934  		0.3100  		3.6525  		1
17900			0.1824  		0.6351  		3.6584  		1
17920			0.2363  		0.9783  		3.6658  		2
17940			0.0608  		1.1398  		3.6853  		15
17960			0.0508  		0.0815  		3.6850  		9
17980			0.0815  		0.0922  		3.6818  
18000			0.0922  		0.0726  		3.6758  
18020			0.0726  		0.1122  		3.6752  
18040			0.1122  		0.0492  		3.6646  
18060			0.0492  		0.0868  		3.6651  
18080			0.0868  		0.0914  		3.6614  
18100			0.0914  		0.0428  		3.6513  
18120			0.0428  		0.0157  		3.6393  
18140			0.0157  		0.0309  		3.6407  
18160			0.0309  		0.0673  		3.6429  
18180			0.0673  		0.0637  		3.6384  
18200			0.0637  		0.0310  		3.6287  
18220			0.0310  		0.0699  		3.6312  
18240			0.0699  		0.1721  		3.6343  
18260			0.1721  		0.1505  		3.6293  
18280			0.1505  		0.1677  		3.6261  
18300			0.1677  		0.1263  		3.6199  
18320			0.1263  		0.1477  		3.6172  
18340			0.1477  		0.1093  		3.6109  
18360			0.1093  		0.0757  		3.6041  
18380			0.0757  		0.0536  		3.5975  
18400			0.0536  		0.1071  		3.5990  
18420			0.1071  		0.1075  		3.5951  
18440			0.1075  		0.1619  		3.5944  
18460			0.1619  		0.2883  		3.5950  
18480			0.2883  		0.3624  		3.5929  
18500			0.0618  		0.3144  		3.6017  		0
18520			0.0903  		0.0959  		3.5983  		15
18540			0.0959  		0.4123  		3.6058  
18560			0.0617  		0.0773  		3.6036  		12
18580			0.0773  		0.1179  		3.6030  
18600			0.1179  		0.0899  		3.5971  
18620			0.0899  		0.1106  		3.5948  
18640			0.1106  		0.0871  		3.5891  
18660			0.0871  		0.0575  		3.5820  
18680			0.0575  		0.1725  		3.5867  
18700			0.1725  		0.2483  		3.5857  
18720			0.2483  		0.1896  		3.5797  
18740			0.1896  		0.1271  		3.5728  
18760			0.1271  		1.0849  		3.5855  
18780			0.1175  		1.1294  		3.5991  		2
18800			0.0853  		0.0931  		3.5959  		5
18820			0.0931  		0.0763  		3.5906  
18840			0.0763  		0.0489  		3.5834  
18860			0.0489  		0.0568  		3.5807  
18880			0.0568  		0.1257  		3.5830  
18900			0.1257  		0.0933  		3.5769  
18920			0.0933  		0.0764  		3.5716  
18940			0.0764  		0.1005  		3.5699  
18960			0.1005  		0.0706  		3.5635  
18980			0.0706  		0.0529  		3.5575  
19000			0.0529  		0.0272  		3.5488  
19020			0.0272  		0.0172  		3.5415  
19040			0.0172  		0.0358  		3.5434  
19060			0.0358  		0.1109  		3.5482  
19080			0.1109  		0.1068  		3.5442  
19100			0.1068  		0.1481  		3.5430  
19120			0.1481  		0.1564  		3.5397  
19140			0.1564  		0.2399  		3.5392  
19160			0.2399  		0.2624  		3.5362  
19180			0.2624  		0.1331  		3.5274  
19200			0.1331  		0.1635  		3.5253  
19220			0.1635  		0.1562  		3.5212  
19240			0.1562  		0.0859  		3.5131  
19260			0.0859  		0.0451  		3.5046  
19280			0.0451  		0.0509  		3.5019  
19300			0.0509  		0.1117  		3.5041  
19320			0.1117  		0.1759  		3.5039  
19340			0.1759  		0.1489  		3.4990  
19360			0.1489  		0.2631  		3.4997  
19380			0.2631  		0.3697  		3.4986  
19400			0.0380  		0.1007  		3.5022  		21
19420			0.1007  		0.1815  		3.5030  
19440			0.1815  		0.2623  		3.5021  
19460			0.2623  		0.3206  		3.5000  
19480			0.1200  		0.1600  		3.4986  		2
19500			0.1600  		0.7712  		3.5066  
19520			0.1124  		0.2437  		3.5087  		2
19540			0.2437  		0.3707  		3.5082  
19560			0.1588  		0.0797  		3.4996  		2
19580			0.0797  		0.4842  		3.5093  
19600			0.0518  		0.0506  		3.5055  		2
19620			0.0506  		0.3728  		3.5166  
19640			0.0725  		0.3712  		3.5251  		8
19660			0.1101  		0.4868  		3.5324  		4
19680			0.0454  		0.4788  		3.5461  		8
19700			0.0394  		0.4093  		3.5596  		4
19720			0.1558  		0.3915  		3.5627  		3
19740			0.0437  		0.0983  		3.5651  		7
19760			0.0983  		0.0718  		3.5592  
19780			0.0718  		0.2078  		3.5633  
19800			0.2078  		0.3007  		3.5624  
19820			0.1780  		0.1621  		3.5581  		2
19840			0.1621  		0.2695  		3.5582  
19860			0.2695  		0.1480  		3.5503  
19880			0.1480  		0.1292  		3.5457  
19900			0.1292  		0.1574  		3.5436  
19920			0.1574  		0.1088  		3.5374  
19940			0.1088  		0.1221  		3.5347  
19960			0.1221  		0.1801  		3.5339  
19980			0.1801  		0.2609  		3.5331  
20000			0.2609  		0.2296  		3.5286  
20020			0.2296  		0.1513  		3.5221  
20040			0.1513  		0.0954  		3.5152  
20060			0.0954  		0.0936  		3.5116  
20080			0.0936  		0.2979  		3.5164  
20100			0.2979  		0.3238  		3.5135  
20120			0.2098  		0.3499  		3.5137  		2
20140			0.0362  		0.8395  		3.5327  		18
20160			0.0607  		0.5911  		3.5455  		15
20180			0.0215  		0.0598  		3.5493  		5
20200			0.0598  		0.0758  		3.5475  
20220			0.0758  		0.8983  		3.5616  
20240			0.2278  		0.3367  		3.5609  		5
20260			0.1565  		0.6448  		3.5674  		6
20280			0.0874  		0.9546  		3.5809  		2
20300			0.0741  		0.7360  		3.5937  		12
20320			0.0889  		0.9519  		3.6070  		1
20340			0.1297  		0.3779  		3.6110  		9
20360			0.0702  		0.2572  		3.6167  		8
20380			0.2572  		0.4056  		3.6164  
20400			0.0961  		0.5725  		3.6254  		2
20420			0.2301  		0.6590  		3.6293  		1
20440			0.1378  		0.0992  		3.6235  		1
20460			0.0992  		0.1492  		3.6228  
20480			0.1492  		0.2226  		3.6221  
20500			0.2226  		0.1249  		3.6145  
20520			0.1249  		0.1215  		3.6108  
20540			0.1215  		0.4610  		3.6166  
20560			0.0472  		0.0417  		3.6122  		10
20580			0.0417  		0.0768  		3.6130  
20600			0.0768  		0.1185  		3.6125  
20620			0.1185  		0.1096  		3.6085  
20640			0.1096  		0.0951  		3.6040  
20660			0.0951  		0.1084  		3.6014  
20680			0.1084  		0.0862  		3.5963  
20700			0.0862  		0.0660  		3.5910  
20720			0.0660  		0.0567  		3.5865  
20740			0.0567  		0.0996  		3.5869  
20760			0.0996  		0.0670  		3.5807  
20780			0.0670  		0.1052  		3.5804  
20800			0.1052  		0.1579  		3.5798  
20820			0.1579  		0.2152  		3.5785  
20840			0.2152  		0.1758  		3.5737  
20860			0.1758  		0.0829  		3.5650  
20880			0.0829  		0.1322  		3.5648  
20900			0.1322  		0.1289  		3.5613  
20920			0.1289  		0.0824  		3.5548  
20940			0.0824  		0.0583  		3.5490  
20960			0.0583  		0.0599  		3.5458  
20980			0.0599  		0.1375  		3.5481  
21000			0.1375  		0.1457  		3.5451  
21020			0.1457  		0.0946  		3.5388  
21040			0.0946  		0.2494  		3.5421  
21060			0.2494  		0.4287  		3.5424  
21080			0.2023  		0.2490  		3.5405  		3
21100			0.2490  		0.8834  		3.5458  
21120			0.0826  		0.8410  		3.5583  		1
21140			0.0223  		0.0458  		3.5598  		8
21160			0.0458  		0.1205  		3.5631  
21180			0.1205  		0.1207  		3.5597  
21200			0.1207  		0.0690  		3.5525  
21220			0.0690  		0.1524  		3.5546  
21240			0.1524  		0.1594  		3.5515  
21260			0.1594  		0.0364  		3.5382  
21280			0.0364  		0.0446  		3.5362  
21300			0.0446  		0.1483  		3.5410  
21320			0.1483  		0.3320  		3.5432  
21340			0.0725  		0.1280  		3.5437  		9
21360			0.1280  		1.0663  		3.5547  
21380			0.1203  		1.4229  		3.5680  		4
21400			0.1097  		0.1552  		3.5671  		12
21420			0.1552  		0.2842  		3.5678  
21440			0.2842  		0.2460  		3.5635  
21460			0.2460  		0.6161  		3.5663  
21480			0.0625  		0.8437  		3.5805  		8
21500			0.1661  		0.1611  		3.5770  		2
21520			0.1611  		0.6042  		3.5825  
21540			0.2490  		0.4569  		3.5832  		2
21560			0.1393  		0.1558  		3.5807  		9
21580			0.1558  		0.2880  		3.5815  
21600			0.2880  		0.5123  		3.5820  
21620			0.1161  		0.1029  		3.5779  		2
21640			0.1029  		0.3765  		3.5832  
21660			0.0937  		0.4906  		3.5909  		13
21680			0.1440  		0.6860  		3.5980  		2
21700			0.0402  		0.2251  		3.6062  		1
21720			0.2251  		0.6273  		3.6096  
21740			0.0881  		0.1030  		3.6074  		2
21760			0.1030  		0.0607  		3.6005  
21780			0.0607  		0.1145  		3.6014  
21800			0.1145  		0.1141  		3.5981  
21820			0.1141  		0.3143  		3.6015  
21840			0.0709  		0.6720  		3.6131  		13
21860			0.1127  		0.5550  		3.6203  		5
21880			0.0293  		0.1468  		3.6276  		3
21900			0.1468  		0.8677  		3.6360  
21920			0.1180  		0.1919  		3.6359  		13
21940			0.1919  		0.8029  		3.6420  
21960			0.1801  		0.2794  		3.6415  		2
21980			0.2794  		0.1820  		3.6354  
22000			0.1820  		0.1386  		3.6303  
22020			0.1386  		0.0970  		3.6247  
22040			0.0970  		0.0571  		3.6179  
22060			0.0571  		0.0660  		3.6156  
22080			0.0660  		0.1158  		3.6160  
22100			0.1158  		0.1202  		3.6130  
22120			0.1202  		0.0966  		3.6083  
22140			0.0966  		0.2265  		3.6106  
22160			0.2265  		0.3682  		3.6105  
22180			0.1114  		0.2691  		3.6129  		12
22200			0.2691  		0.5946  		3.6148  
22220			0.0752  		0.7081  		3.6261  		7
22240			0.1612  		0.3139  		3.6272  		4
22260			0.1011  		0.3499  		3.6320  		2
22280			0.0520  		1.0846  		3.6484  		8
22300			0.1195  		0.2695  		3.6504  		0
22320			0.2695  		0.8700  		3.6547  
22340			0.0193  		0.3392  		3.6699  		6
22360			0.1169  		0.2907  		3.6725  		3
22380			0.2907  		0.9318  		3.6767  
22400			0.1501  		0.4316  		3.6803  		6
22420			0.0471  		0.4615  		3.6917  		13
22440			0.2080  		0.3718  		3.6921  		2
22460			0.0215  		0.3803  		3.7073  		15
22480			0.1195  		0.1227  		3.7042  		4
22500			0.1227  		0.2353  		3.7050  
22520			0.2353  		0.4304  		3.7056  
22540			0.0575  		0.0836  		3.7047  		5
22560			0.0836  		0.0859  		3.7016  
22580			0.0859  		0.0881  		3.6985  
22600			0.0881  		0.0937  		3.6956  
22620			0.0937  		0.1714  		3.6962  
22640			0.1714  		0.1683  		3.6928  
22660			0.1683  		0.2689  		3.6925  
22680			0.2689  		0.3197  		3.6904  
22700			0.0190  		0.1708  		3.7011  		2
22720			0.1708  		1.4369  		3.7114  
22740			0.1344  		0.1903  		3.7103  		1
22760			0.1903  		0.0972  		3.7028  
22780			0.0972  		0.1594  		3.7027  
22800			0.1594  		0.2683  		3.7027  
22820			0.2683  		0.6712  		3.7053  
22840			0.2453  		0.3645  		3.7045  		3
22860			0.0245  		0.0404  		3.7044  		21
22880			0.0404  		0.1299  		3.7086  
22900			0.1299  		0.1790  		3.7073  
22920			0.1790  		0.2132  		3.7052  
22940			0.2132  		0.5607  		3.7081  
22960			0.1641  		0.1803  		3.7054  		3
22980			0.1803  		0.3994  		3.7072  
23000			0.1122  		0.1966  		3.7075  		2
23020			0.1966  		0.1256  		3.7015  
23040			0.1256  		0.3150  		3.7040  
23060			0.0794  		0.3398  		3.7099  		1
23080			0.0712  		0.1595  		3.7117  		7
23100			0.1595  		0.9380  		3.7196  
23120			0.1778  		0.2813  		3.7192  		7
23140			0.2813  		0.6871  		3.7216  
23160			0.1006  		0.3331  		3.7258  		11
23180			0.1186  		0.4459  		3.7308  		1
23200			0.2224  		0.2045  		3.7271  		7
23220			0.2045  		0.1239  		3.7208  
23240			0.1239  		0.3066  		3.7232  
23260			0.0395  		0.0431  		3.7205  		1
23280			0.0431  		0.3537  		3.7304  
23300			0.0744  		0.1726  		3.7324  		7
23320			0.1726  		0.7126  		3.7380  
23340			0.1018  		0.7378  		3.7470  		7
23360			0.0921  		0.3731  		3.7524  		3
23380			0.1691  		1.3724  		3.7621  		5
23400			0.0845  		0.1812  		3.7636  		4
23420			0.1812  		0.2552  		3.7625  
23440			0.2552  		0.1473  		3.7559  
23460			0.1473  		0.1672  		3.7535  
23480			0.1672  		0.6525  		3.7587  
23500			0.1300  		0.1802  		3.7575  		2
23520			0.1802  		0.7229  		3.7628  
23540			0.0292  		0.1260  		3.7686  		6
23560			0.1260  		0.1143  		3.7648  
23580			0.1143  		0.0377  		3.7548  
23600			0.0377  		0.0442  		3.7526  
23620			0.0442  		0.0341  		3.7478  
23640			0.0341  		0.0314  		3.7441  
23660			0.0314  		0.0448  		3.7431  
23680			0.0448  		0.0333  		3.7382  
23700			0.0333  		0.0253  		3.7334  
23720			0.0253  		0.0616  		3.7356  
23740			0.0616  		0.0844  		3.7344  
23760			0.0844  		0.1846  		3.7360  
23780			0.1846  		0.1843  		3.7328  
23800			0.1843  		0.2271  		3.7310  
23820			0.2271  		0.2126  		3.7274  
23840			0.2126  		0.3623  		3.7275  
23860			0.2412  		0.2372  		3.7243  		1
23880			0.2372  		1.0201  		3.7300  
23900			0.1976  		1.3313  		3.7384  		2
23920			0.1131  		0.3051  		3.7413  		2
23940			0.1124  		0.1964  		3.7415  		2
23960			0.1964  		0.5341  		3.7444  
23980			0.1779  		0.3382  		3.7451  		1
24000			0.1706  		0.4379  		3.7477  		2
24020			0.0505  		0.3795  		3.7567  		5
24040			0.2248  		0.6321  		3.7598  		1
24060			0.1570  		1.0377  		3.7680  		11
24080			0.2028  		0.4921  		3.7701  		2
24100			0.0229  		0.0904  		3.7752  		3
24120			0.0904  		0.4479  		3.7817  
24140			0.0179  		0.7582  		3.8009  		11
24160			0.1339  		0.7820  		3.8083  		2
24180			0.0827  		0.9987  		3.8200  		7
24200			0.1884  		0.4204  		3.8216  		4
24220			0.0309  		0.1410  		3.8275  		8
24240			0.1410  		0.3597  		3.8299  
24260			0.1928  		0.2322  		3.8279  		3
24280			0.2322  		0.1577  		3.8224  
24300			0.1577  		0.1324  		3.8183  
24320			0.1324  		0.1074  		3.8139  
24340			0.1074  		0.0114  		3.7974  
24360			0.0114  		0.0933  		3.8068  
24380			0.0933  		0.1098  		3.8046  
24400			0.1098  		0.0797  		3.7996  
24420			0.0797  		0.1397  		3.7998  
24440			0.1397  		0.2878  		3.8010  
24460			0.2878  		0.2756  		3.7976  
24480			0.2756  		0.0826  		3.7874  
24500			0.0826  		0.1590  		3.7882  
24520			0.1590  		0.3770  		3.7902  
24540			0.0920  		0.3220  		3.7944  		15
24560			0.1481  		0.1473  		3.7913  		5
24580			0.1473  		0.1182  		3.7869  
24600			0.1182  		0.0548  		3.7793  
24620			0.0548  		0.1612  		3.7826  
24640			0.1612  		0.6341  		3.7875  
24660			0.0992  		0.3279  		3.7915  		13
24680			0.1999  		0.2483  		3.7897  		6
24700			0.2483  		0.2510  		3.7867  
24720			0.2510  		0.6321  		3.7890  
24740			0.0674  		0.3115  		3.7948  		5
24760			0.1319  		0.8667  		3.8028  		6
24780			0.1472  		0.2937  		3.8037  		6
24800			0.2937  		0.2802  		3.8004  
24820			0.2802  		0.3912  		3.7992  
24840			0.1087  		0.2947  		3.8020  		8
24860			0.2947  		0.3544  		3.8000  
24880			0.1223  		1.0756  		3.8095  		3
24900			0.1122  		0.3711  		3.8134  		3
24920			0.0695  		0.5184  		3.8220  		4
24940			0.0510  		0.0932  		3.8224  		17
24960			0.0932  		0.3208  		3.8265  
24980			0.0312  		0.1154  		3.8310  		3
25000			0.1154  		0.1020  		3.8272  
25020			0.1020  		0.0900  		3.8234  
25040			0.0900  		0.2264  		3.8257  
25060			0.2264  		0.2603  		3.8234  
25080			0.2603  		0.1573  		3.8175  
25100			0.1573  		0.4661  		3.8207  
25120			0.2183  		0.4511  		3.8218  		1
25140			0.0697  		0.4902  		3.8300  		6
25160			0.0660  		0.1165  		3.8302  		0
25180			0.1165  		0.5413  		3.8359  
25200			0.1289  		0.7174  		3.8427  		2
25220			0.1033  		0.3346  		3.8464  		2
25240			0.1231  		0.1030  		3.8423  		7
25260			0.1030  		0.1556  		3.8416  
25280			0.1556  		0.4093  		3.8441  
25300			0.1585  		0.2288  		3.8432  		0
25320			0.2288  		0.2090  		3.8396  
25340			0.2090  		0.3330  		3.8392  
25360			0.0620  		0.2346  		3.8438  		15
25380			0.2346  		0.6052  		3.8461  
25400			0.1242  		0.1477  		3.8441  		5
25420			0.1477  		0.1227  		3.8400  
25440			0.1227  		0.2807  		3.8417  
25460			0.2807  		0.2657  		3.8384  
25480			0.2657  		0.2142  		3.8341  
25500			0.2142  		0.5003  		3.8359  
25520			0.1559  		0.0496  		3.8264  		7
25540			0.0496  		0.0086  		3.8135  
25560			0.0086  		0.0880  		3.8237  
25580			0.0880  		0.1419  		3.8234  
25600			0.1419  		0.2194  		3.8229  
25620			0.2194  		0.2278  		3.8201  
25640			0.2278  		0.0770  		3.8110  
25660			0.0770  		0.2059  		3.8136  
25680			0.2059  		0.2178  		3.8109  
25700			0.2178  		0.0757  		3.8020  
25720			0.0757  		0.0637  		3.7981  
25740			0.0637  		0.1753  		3.8008  
25760			0.1753  		0.1994  		3.7986  
25780			0.1994  		0.0868  		3.7910  
25800			0.0868  		0.0985  		3.7888  
25820			0.0985  		0.1971  		3.7897  
25840			0.1971  		0.1625  		3.7857  
25860			0.1625  		0.0520  		3.7764  
25880			0.0520  		0.2984  		3.7832  
25900			0.2984  		0.3788  		3.7816  
25920			0.0982  		0.1111  		3.7794  		11
25940			0.1111  		0.6109  		3.7860  
25960			0.0570  		0.1173  		3.7871  		3
25980			0.1173  		0.2465  		3.7883  
26000			0.2465  		0.2591  		3.7856  
26020			0.2591  		0.3215  		3.7839  
26040			0.1707  		0.6200  		3.7882  		0
26060			0.0522  		0.2233  		3.7933  		14
26080			0.2233  		0.5331  		3.7952  
26100			0.1128  		0.7528  		3.8028  		4
26120			0.0775  		0.2739  		3.8068  		1
26140			0.2739  		0.3597  		3.8054  
26160			0.0777  		0.2360  		3.8087  		3
26180			0.2360  		0.5524  		3.8104  
26200			0.0796  		0.2536  		3.8139  		15
26220			0.2536  		0.9044  		3.8180  
26240			0.0928  		0.1505  		3.8177  		3
26260			0.1505  		0.1051  		3.8129  
26280			0.1051  		0.1381  		3.8115  
26300			0.1381  		0.1057  		3.8071  
26320			0.1057  		0.3733  		3.8111  
26340			0.0568  		0.0921  		3.8109  		5
26360			0.0921  		0.4806  		3.8170  
26380			0.2264  		0.5359  		3.8188  		0
26400			0.1400  		0.2263  		3.8186  		3
26420			0.2263  		1.1167  		3.8244  
26440			0.0761  		0.5903  		3.8327  		1
26460			0.1120  		1.0548  		3.8420  		5
26480			0.2602  		0.6287  		3.8439  		6
26500			0.0772  		0.1468  		3.8445  		14
26520			0.1468  		0.2800  		3.8451  
26540			0.2800  		0.5331  		3.8457  
26560			0.0925  		0.1088  		3.8437  		12
26580			0.1088  		0.0922  		3.8399  
26600			0.0922  		0.0578  		3.8345  
26620			0.0578  		0.2162  		3.8388  
26640			0.2162  		0.2489  		3.8367  
26660			0.2489  		0.2827  		3.8345  
26680			0.2827  		0.1973  		3.8296  
26700			0.1973  		0.0967  		3.8229  
26720			0.0967  		0.5612  		3.8296  
26740			0.2383  		1.2222  		3.8355  		0
26760			0.2323  		1.4667  		3.8426  		3
26780			0.1103  		0.1173  		3.8400  		3
26800			0.1173  		0.0370  		3.8310  
26820			0.0370  		0.0378  		3.8282  
26840			0.0378  		0.1133  		3.8313  
26860			0.1133  		0.0675  		3.8256  
26880			0.0675  		0.0578  		3.8220  
26900			0.0578  		0.0471  		3.8180  
26920			0.0471  		0.0399  		3.8143  
26940			0.0399  		0.0602  		3.8137  
26960			0.0602  		0.0932  		3.8132  
26980			0.0932  		0.0659  		3.8085  
27000			0.0659  		0.0939  		3.8076  
27020			0.0939  		0.2671  		3.8103  
27040			0.2671  		0.2852  		3.8079  
27060			0.2852  		0.2613  		3.8046  
27080			0.2613  		0.1577  		3.7991  
27100			0.1577  		0.2662  		3.7991  
27120			0.2662  		0.1341  		3.7926  
27140			0.1341  		0.0474  		3.7843  
27160			0.0474  		0.1310  		3.7869  
27180			0.1310  		0.2401  		3.7873  
27200			0.2401  		0.1140  		3.7806  
27220			0.1140  		0.1443  		3.7791  
27240			0.1443  		0.1348  		3.7759  
27260			0.1348  		0.0555  		3.7685  
27280			0.0555  		0.0268  		3.7619  
27300			0.0268  		0.0573  		3.7631  
27320			0.0573  		0.0806  		3.7622  
27340			0.0806  		0.0415  		3.7559  
27360			0.0415  		0.0690  		3.7558  
27380			0.0690  		0.1327  		3.7565  
27400			0.1327  		0.0866  		3.7516  
27420			0.0866  		0.0935  		3.7492  
27440			0.0935  		0.0231  		3.7391  
27460			0.0231  		0.0270  		3.7372  
27480			0.0270  		0.0760  		3.7400  
27500			0.0760  		0.0542  		3.7355  
27520			0.0542  		0.0944  		3.7356  
27540			0.0944  		0.1214  		3.7343  
27560			0.1214  		0.0697  		3.7286  
27580			0.0697  		0.0849  		3.7270  
27600			0.0849  		0.5455  		3.7340  
27620			0.2510  		0.8545  		3.7377  		2
27640			0.2486  		0.4537  		3.7381  		2
27660			0.0477  		0.1351  		3.7409  		2
27680			0.1351  		0.1256  		3.7378  
27700			0.1256  		0.1234  		3.7350  
27720			0.1234  		0.0870  		3.7305  
27740			0.0870  		0.0730  		3.7269  
27760			0.0730  		0.0488  		3.7221  
27780			0.0488  		0.0782  		3.7219  
27800			0.0782  		0.1263  		3.7217  
27820			0.1263  		0.1712  		3.7206  
27840			0.1712  		0.1262  		3.7163  
27860			0.1262  		0.3421  		3.7188  
27880			0.0709  		0.2303  		3.7222  		9
27900			0.2303  		0.2578  		3.7202  
27920			0.2578  		0.2974  		3.7182  
27940			0.2974  		0.2090  		3.7137  
27960			0.2090  		0.2871  		3.7127  
27980			0.2871  		0.7022  		3.7147  
28000			0.1364  		0.1230  		3.7115  		2
28020			0.1230  		0.2876  		3.7132  
28040			0.2876  		0.3810  		3.7120  
28060			0.1114  		0.5473  		3.7176  		7
28080			0.0287  		0.0726  		3.7197  		11
28100			0.0726  		0.0605  		3.7161  
28120			0.0605  		0.0212  		3.7081  
28140			0.0212  		0.0387  		3.7085  
28160			0.0387  		0.0607  		3.7082  
28180			0.0607  		0.0368  		3.7030  
28200			0.0368  		0.0107  		3.6940  
28220			0.0107  		0.0171  		3.6938  
28240			0.0171  		0.0199  		3.6920  
28260			0.0199  		0.0565  		3.6947  
28280			0.0565  		0.0776  		3.6937  
28300			0.0776  		0.0550  		3.6893  
28320			0.0550  		0.0888  		3.6892  
28340			0.0888  		0.0627  		3.6848  
28360			0.0627  		0.0132  		3.6743  
28380			0.0132  		0.0079  		3.6691  
28400			0.0079  		0.0246  		3.6723  
28420			0.0246  		0.0557  		3.6738  
28440			0.0557  		0.1315  		3.6756  
28460			0.1315  		0.0994  		3.6716  
28480			0.0994  		0.1105  		3.6696  
28500			0.1105  		0.1199  		3.6674  
28520			0.1199  		0.0993  		3.6639  
28540			0.0993  		0.0910  		3.6609  
28560			0.0910  		0.1673  		3.6614  
28580			0.1673  		0.2752  		3.6613  
28600			0.2752  		0.2928  		3.6591  
28620			0.2928  		0.4828  		3.6590  
28640			0.1397  		0.1061  		3.6551  		6
28660			0.1061  		0.0672  		3.6503  
28680			0.0672  		0.1972  		3.6531  
28700			0.1972  		0.4061  		3.6542  
28720			0.0366  		0.7326  		3.6667  		0
28740			0.0737  		0.2133  		3.6695  		1
28760			0.2133  		0.5555  		3.6718  
28780			0.2796  		0.5420  		3.6725  		2
28800			0.1192  		0.4389  		3.6765  		8
28820			0.1937  		1.4279  		3.6839  		0
28840			0.0692  		0.0716  		3.6816  		1
28860			0.0716  		0.1393  		3.6823  
28880			0.1393  		0.2580  		3.6829  
28900			0.2580  		0.3230  		3.6814  
28920			0.1997  		0.1512  		3.6775  		7
28940			0.1512  		0.2647  		3.6778  
28960			0.2647  		0.2614  		3.6752  
28980			0.2614  		0.2487  		3.6724  
29000			0.2487  		0.1619  		3.6677  
29020			0.1619  		0.1318  		3.6642  
29040			0.1318  		0.2186  		3.6641  
29060			0.2186  		0.1824  		3.6607  
29080			0.1824  		0.1512  		3.6573  
29100			0.1512  		0.2649  		3.6575  
29120			0.2649  		0.3091  		3.6558  
29140			0.0700  		0.2494  		3.6596  		6
29160			0.2494  		0.5492  		3.6610  
29180			0.1727  		1.3440  		3.6686  		2
29200			0.2694  		0.2445  		3.6656  		2
29220			0.2445  		0.3269  		3.6645  
29240			0.1501  		0.3731  		3.6665  		1
29260			0.0292  		0.2726  		3.6750  		5
29280			0.2726  		0.3604  		3.6739  
29300			0.1416  		0.2392  		3.6740  		4
29320			0.2392  		0.3931  		3.6739  
29340			0.1089  		0.1066  		3.6713  		3
29360			0.1066  		0.8503  		3.6790  
29380			0.0845  		0.1416  		3.6790  		0
29400			0.1416  		0.4220  		3.6819  
29420			0.0412  		0.0366  		3.6788  		0
29440			0.0366  		0.0848  		3.6804  
29460			0.0848  		0.2340  		3.6829  
29480			0.2340  		0.2448  		3.6806  
29500			0.2448  		0.1574  		3.6760  
29520			0.1574  		0.2294  		3.6753  
29540			0.2294  		0.0983  		3.6687  
29560			0.0983  		0.1093  		3.6667  
29580			0.1093  		0.1348  		3.6653  
29600			0.1348  		0.0891  		3.6608  
29620			0.0891  		0.2404  		3.6631  
29640			0.2404  		0.3626  		3.6627  
29660			0.1277  		0.1470  		3.6609  		9
29680			0.1470  		0.2786  		3.6615  
29700			0.2786  		0.2309  		3.6581  
29720			0.2309  		0.2775  		3.6566  
29740			0.2775  		0.2926  		3.6544  
29760			0.2926  		0.5136  		3.6547  
29780			0.0533  		0.2187  		3.6590  		14
29800			0.2187  		0.7982  		3.6628  
29820			0.1301  		0.8694  		3.6696  		3
29840			0.1434  		0.1811  		3.6683  		10
29860			0.1811  		0.0941  		3.6626  
29880			0.0941  		0.1301  		3.6617  
29900			0.1301  		0.1390  		3.6596  
29920			0.1390  		0.1043  		3.6558  
29940			0.1043  		0.1151  		3.6538  
